Similar words to 'play' with similarity score > 0.75:
back: 0.7646217356147461
trick: 0.7541459054699262
go: 0.7601282199886227
best: 0.8282134133494222
team: 0.7761400750862927
winning: 0.7570282351737476
game: 0.8782048242027946
time: 0.8020251777314892
break: 0.7956911623754845
player: 0.8556729854964503
good: 0.773232349726424
season: 0.7601463249170387
starting: 0.8043821489329456
round: 0.751171989655119
start: 0.8033860291575268
final: 0.7854202231187803
again: 0.7816592102657407
score: 0.7698974800595748
going: 0.7839278793915634
scoring: 0.7542112629295165
got: 0.7830547474798228
went: 0.7514153548173848
coming: 0.7812473753441658
chance: 0.7844897951333153
way: 0.7659228547122492
side: 0.7534688419946689
match: 0.814204462813202

The most similar word to 'play' is 'game' with a similarity score of '0.878205'
